Gateway:172.18.90.171 Type:Tcp Protocol:Pointer Encoding:Hex Local:0.0.0.0:53072 Remote:0.0.0.0:53072 Thread:10
Gateway:172.18.90.173 Type:Udp Protocol:CalAmp Encoding:Hex Local:0.0.0.0:53092 Remote:172.18.90.131:50727 Thread:140
Gateway:172.18.90.173 Type:Udp Protocol:CalAmpV2 Encoding:Hex Local:0.0.0.0:53336 Remote:172.18.90.131:5866 Thread:10
Gateway:172.18.90.172 Type:Tcp Protocol:TeltonikaFmbV4 Encoding:Hex Local:0.0.0.0:53337 Remote:0.0.0.0:53337 Thread:203
+RESP:GTDIS,060800,862894022397858,5555,,20,1,1,0.1,347,88.9,-69.009842,18.502973,20221222185049,0370,0002,5A3E,EB8D,00,274601.9,20221222185050,4290$
REV002241460205+1846144-0699391200031632;IO=300;SV=8;BL=4382;DOP=215,126,174;CF=2B01,3662,15;IB=0000000000000000;LF=0;ID=356612024588289<\r\n